list(y= structure(.Data= c(-1.00360E+01, 7.99810E+01, -1.77356E+01, 2.08036E+01, -7.20220E+00, -5.84648E+01, -5.64240E+01, -2.81312E+01, 5.53860E+01, 3.08395E+01, 2.48256E+01, 1.52812E+01, -4.20272E+01, -4.31722E+01, 5.69360E+01, -7.06263E+01, -2.50656E+01, 1.53079E+01, 1.37181E+01, 1.59302E+01, 9.19740E+00, -6.16254E+01, 5.23198E+01, 8.96399E+00, -6.72422E-01, -3.84527E+01, -2.66744E+00, -3.49933E+01, 1.24747E+01, 2.33549E+01, -2.44024E+01, -1.60852E+01, -4.84826E+01, -7.60599E+00, -3.98237E+01, -3.91124E+01, -4.20599E+00, 5.71731E+00, 2.36328E+01, 3.27482E+01, -1.05109E+02, -1.19386E+01, 8.18564E+00, 3.20234E+00, -8.69050E+00, -6.46543E+01, 6.04494E+00, -4.83472E+01, 3.62498E+01, 2.86169E+01, -2.62854E+01, -4.93772E+01, 2.39841E+01, -2.51792E+00, 1.19310E+01, -6.09779E+01, 1.82823E+01, 2.49171E+01, 1.65939E+00, -9.72771E+00, 6.15189E+00, 1.62247E+01, -2.47631E+01, -2.92505E+01, -5.03008E+01, -9.15449E+00, -4.02106E+01, 6.83156E+01, -3.83125E+00, 4.90738E+01, -6.52385E+01, -1.71291E+01, 1.26738E+01, -1.77357E+01, 7.17937E+00, -4.58555E+01, -1.92220E+01, -3.24404E+01, -2.09113E+01, -2.04068E+01, 1.18253E+01, -2.62497E+01, 4.34089E+00, 2.13119E-01, -1.85264E+01, -4.51642E+01, 3.11793E+00, -5.99986E+00, 5.27080E+01, -3.59044E+01, 4.61630E+00, 3.00734E+01, -3.89327E+01, -1.05899E+00, 1.01196E+01, -6.68153E+00, -6.40637E+01, -2.87856E+01, -1.68867E+01, 6.38826E+00), .Dim=c(100, 1)), X= structure(.Data= c(-6.26454E-01, -6.20367E-01, 4.09402E-01, 8.93674E-01, 1.07444E+00, 7.73031E-02, -3.41067E-01, -7.07568E-01, -1.08691E+00, -1.54140E+00, 1.83643E-01, 4.21159E-02, 1.68887E+00, -1.04730E+00, 1.89565E+00, -2.96869E-01, 1.50242E+00, 1.97157E+00, -1.82608E+00, 1.94321E-01, -8.35629E-01, -9.10922E-01, 1.58659E+00, 1.97134E+00, -6.02997E-01, -1.18324E+00, 5.28308E-01, -8.99987E-02, 9.95282E-01, 2.64423E-01, 1.59528E+00, 1.58029E-01, -3.30908E-01, -3.83632E-01, -3.90868E-01, 1.12927E-02, 5.42191E-01, -1.40173E-02, -1.18618E-02, -1.11874E+00, 3.29508E-01, -6.54585E-01, -2.28524E+00, 1.65415E+00, -4.16222E-01, 9.91601E-01, -1.36673E-01, -1.12346E+00, -5.99628E-01, 6.50953E-01, -8.20468E-01, 1.76729E+00, 2.49766E+00, 1.51221E+00, -3.75657E-01, 1.59397E+00, -1.13673E+00, -1.34413E+00, -1.77948E-01, -1.03290E+00, 4.87429E-01, 7.16707E-01, 6.67066E-01, 8.29657E-02, -3.66631E-01, -1.37271E+00, -1.49663E+00, -1.52316E+00, -4.25981E-01, 6.59201E-01, 7.38325E-01, 9.10174E-01, 5.41327E-01, 5.67221E-01, -2.95677E-01, -2.49611E-01, -2.23386E-01, -4.21968E-01, 9.96659E-01, 2.37829E-01, 5.75781E-01, 3.84185E-01, -1.33995E-02, -1.02455E+00, 1.44182E+00, 1.15942E+00, 2.00172E+00, 1.36092E+00, 7.27661E-01, 7.15276E-01, -3.05388E-01, 1.68218E+00, 5.10108E-01, 3.23007E-01, -6.97538E-01, -1.11422E+00, 2.21704E-01, 1.75379E+00, -1.72663E+00, -9.38483E-01, 1.51178E+00, -6.35736E-01, -1.64376E-01, 1.04361E+00, -3.88168E-01, -2.52850E+00, 1.64373E-01, 1.56836E+00, 3.53398E-01, 9.53540E-02, 3.89843E-01, -4.61645E-01, 4.20695E-01, 9.90785E-02, 6.52536E-01, -9.35903E-01, 3.32624E-01, 1.29676E+00, 7.26814E-01, -4.62819E-01, -6.21241E-01, 1.43228E+00, -4.00247E-01, -4.54137E-01, 1.12477E+00, -9.67239E-01, -3.85208E-01, -2.37596E-01, 6.68261E-01, -1.46888E+00, -2.21470E+00, -6.50696E-01, -1.37021E+00, -6.55782E-01, -7.72111E-01, 4.74886E-02, -1.39875E+00, -1.22415E+00, -2.42432E+00, 1.52687E-01, 1.12493E+00, -2.07381E-01, 9.87838E-01, -3.59224E-02, -5.08086E-01, -4.03737E-01, 2.67574E+00, -3.27813E-01, -2.35357E-01, 1.77376E+00, -4.49336E-02, -3.92808E-01, 1.51975E+00, 1.06916E+00, 5.23621E-01, 2.31496E-01, -4.23686E-01, -2.41245E+00, 1.97963E+00, -6.48071E-01, -1.61903E-02, -3.19993E-01, -3.08741E-01, -4.83975E-01, 1.01775E+00, -4.22372E-01, -2.98602E-01, -3.13793E-01, 7.96795E-01, -1.99817E-01, 9.43836E-01, -2.79113E-01, -1.25329E+00, -1.21010E-01, -2.51165E-01, 3.74118E-01, -1.79234E+00, 1.65988E+00, -1.70928E+00, 6.89244E-01, 8.21221E-01, 4.94188E-01, 6.42241E-01, -1.29414E+00, -1.42999E+00, -3.66006E-01, -2.48008E-01, 1.30953E-01, -1.66367E+00, 3.61455E-02, 5.93901E-01, -1.77330E-01, -4.47091E-02, 4.94313E-01, 1.70912E+00, 1.19010E+00, -2.47304E-01, 1.09589E+00, 4.91110E-01, 1.94354E+00, 9.18977E-01, -5.05957E-01, -1.73322E+00, 1.30790E+00, 1.43507E+00, -7.37328E-01, -2.55510E-01, 4.89341E-01, -1.74055E-01, 7.37214E-01, 7.82136E-01, 1.34304E+00, 2.13186E-03, 1.49704E+00, -7.10371E-01, 2.90667E-01, -1.78694E+00, -7.78910E-01, 9.61291E-01, 2.32133E+00, 7.45650E-02, -2.14579E-01, -6.30300E-01, 8.14703E-01, -6.50676E-02, -8.84850E-01, 1.78466E+00, 1.74356E+00, 2.93827E-01, 3.48909E-01, -1.98935E+00, -1.79557E-01, -3.40969E-01, -1.86979E+00, -1.75947E+00, 2.08006E-01, 1.76359E+00, -7.83873E-02, 8.09994E-02, -1.13392E+00, 6.19826E-01, -1.00191E-01, -1.15657E+00, 4.82030E-01, 5.69723E-01, -4.77302E-02, 6.89600E-01, -9.75554E-01, 1.83662E-01, 4.21335E-01, -5.61287E-02, 7.12666E-01, 1.80314E+00, 4.56136E-01, 1.61235E+00, -1.68452E+00, -1.10074E+00, 7.06598E-02, 1.66255E-01, -9.24556E-01, -1.55796E-01, -7.35644E-02, -3.31132E-01, -3.53400E-01, -1.63728E+00, -1.44227E-01, 7.14509E-01, -1.51860E+00, -1.26960E+00, -1.00706E+00, -1.47075E+00, -3.76342E-02, -1.60551E+00, 1.70489E-01, -7.79569E-01, 1.18021E+00, -2.46470E-01, 8.63779E-01, 2.34949E+00, -1.89474E-01, -4.78150E-01, -6.81660E-01, 1.97193E-01, -8.64036E-01, -6.41177E-01, 6.81400E-01, -3.19786E-01, 5.01568E-01, -1.41201E+00, 9.33917E-01, 4.17942E-01, -3.24270E-01, 2.63176E-01, 6.79231E-01, -6.81131E-01, 1.43248E-01, 1.36264E+00, -3.54781E-01, -1.69615E-02, 3.43910E-01, 1.35868E+00, 6.01604E-02, -9.85827E-01, -3.27101E-01, -2.03329E+00, -1.19232E+00, -1.22788E+00, -4.88429E-01, -5.44319E-01, 8.14020E-01, -1.02788E-01, -5.88894E-01, -2.88892E+00, -1.56908E+00, 5.00964E-01, 1.16923E+00, -5.11219E-01, 9.36294E-01, 1.80011E+00, 9.15341E-01, 3.87672E-01, 5.31496E-01, -6.40482E-01, -3.67451E-01, -1.53180E+00, 7.92017E-02, -7.31195E-01, -1.06241E+00, 1.01144E+00, -1.71852E-01, -5.38050E-02, -1.51839E+00, 5.70508E-01, 1.36443E+00, -2.49976E-02, -4.51774E-01, 1.97520E-02, -9.83821E-01, -5.63717E-01, -2.40223E+00, -1.37706E+00, 3.06558E-01, -5.97233E-02, -3.34281E-01, 5.92985E-01, 1.64203E+00, -1.57286E+00, 4.24248E-01, 2.05421E-01, 7.95907E-01, -4.14995E-01, -1.53645E+00, -9.81787E-02, 7.32750E-01, -1.98195E-01, -7.69592E-01, -7.03333E-01, -4.51313E-01, 1.16546E+00, 2.16912E+00, -3.94290E-01, -3.00976E-01, 5.60821E-01, 9.46586E-01, 8.92008E-01, 3.03361E-01, 7.15932E-01, 9.25085E-01, 2.23632E+00, 5.83835E-02, -5.93134E-02, -5.28280E-01, -1.18646E+00, 4.39870E-03, -2.57151E-02, 1.28174E+00, 4.65215E-01, -1.98621E-01, 3.02265E-01, -1.35491E+00, 1.10003E+00, -6.52095E-01, 1.09678E+00, -3.52322E-01, -6.47660E-01, 6.02223E-01, -9.73902E-01, 1.19485E+00, -1.04251E+00, -3.67551E-01, 7.63176E-01, -5.68968E-02, -5.34403E-03, -5.29696E-01, 6.46359E-01, -3.07022E-01, 5.59218E-01, 4.95545E-01, -9.83542E-01, -9.34518E-01, -1.64524E-01, -1.91436E+00, 7.07311E-01, 7.39589E-01, -4.33833E-01, -4.18418E-01, -2.43264E+00, -2.24515E+00, 2.00572E+00, -4.16392E-02, -2.53362E-01, 1.17658E+00, 1.03411E+00, -1.06346E+00, 1.77261E+00, 3.55136E-01, -3.40485E-01, -1.33537E+00, -2.07057E+00, 6.76112E-01, 6.96963E-01, -1.66497E+00, 2.23480E-01, 2.46211E-01, -1.82597E-02, 5.13481E-01, 7.13033E-01, 1.28278E+00, 3.05574E+00, 8.66436E-01, 5.56663E-01, -4.63530E-01, -8.78708E-01, -2.89499E-01, 8.52815E-01, 1.86074E-02, -6.59037E-01, 6.90796E-01, -2.61351E-01, 2.35175E-01, -6.88756E-01, -1.11592E+00, 1.16296E+00, -2.26489E+00, 2.05163E-01, 1.31845E+00, -3.64026E-02, -9.67063E-01, -4.54393E-01, -9.33970E-01, -7.07495E-01, -7.50819E-01, -2.00016E+00, -1.40885E+00, -3.00805E+00, -6.58320E-02, -1.59329E+00, -1.34579E+00, 1.57561E-01, 8.13252E-01, 3.64582E-01, 2.08717E+00, -5.44791E-01, 9.16019E-01, -1.36611E+00, -7.00296E-01, 8.47793E-01, 1.03367E+00, 9.33389E-01, 1.34832E+00, 7.68533E-01, 1.73956E-02, -2.55671E-01, -1.91279E-01, -4.24102E-01, 5.37326E-01, -1.85039E+00, -8.11776E-01, 3.02828E-01, 2.25188E+00, -1.12346E-01, -1.28630E+00, -1.66121E-01, 8.03283E-01, 2.36804E-01, -2.20178E+00, 